3754794824796504076690206835056347815361889366910473692355885876745868871570093092458374456057590352
0042592011262793327370311823089730988299163320878258525063076803242181512820708105572021581422336007
7687745794365870320121599090494690336808541055934293994619765520066454441267944415529060561704392008
8470742737665259991005882647965845568544897805278302908369800486172978044610898646856293720974331063
3200257387561164520888258170279734325820554973857988074495218610873673870932338431229065092061284309
0184118041066777481708581708758928313818150886383446238250330038303845456354779432421279015357712257
2548089973580808507034729199542512277612382667277961544881899933106862099475216282157197739571334856
0414872079665616875009022427140350131770990872009656355138145492821457510500825041749400499253549794
1542045745213193643321057357961130987534925978933184351058478788317220600840518842477677883816614755
This is an extra line in file B
1602573411440535300730337894225852771120225739863084672037578928668775418051469702114117074464220617
0097666621567775804450691053820852793357545917697649261049551289071408144691467436517058164489625694
5289505570571124771913233664965873907657501117377158492295684050469811711441112538781648061297344064
8555447951083045379721750413197147783136943963982716092679502385393536114378789752137005501363365756
9456502713990759158388925840902022817577733111388440927042075180196894267055581355255200476540164202
5594183872450720934986317626990289806837813231467161713818755697127192400707318625872946598818121501
3275761006509029725271503692575707298306745937805149074267116953179282141852566578633573302118988286
8522007121601538229506979922964289726422860232055166236165207415641181289673573797780895365011534459
1973976562681510735846715177139014509482239106950560974415780842256690024250751811757914018460139794
9250535613763869184342682664021957995703342631074220260757787169171697337190905068089179613892627345
0386982170752728189092974545472559920390861637629719445830234760810270879823033792665210318915610182
6349830522806541094590851963202851057782168137360500722648796631995449331133172460370202930898643713
2811169688576336361792508532599469179153343083264017644930352619910715620744942427857281524880063417
2559397899088825861628191730771424171818592615097486244335855702755365394313657563228427074505379985
0722092931677281474228390888934772591029234807877131562143120399790579035409348300189220935799884411
7297105063895829109479644245614836670469714545107863464755385935895924874975419803884036282517477965
9282999498245472150759632366597544985585196358060251889054062290079159757566238339633566482052289627
9910504323726622656402667694276600448583124119490924987625380014612518407338845720425262381220201950